7577010728
8802966359
9650278508
8588849794
7417705156
9990266495
9559800229
753193203
8960200010/7531932030
9415037659
8743834270
8331866076
7696219434
7724053989
8712012340/9866749704
9876518065
7860798019
9453225057
9205026537
8373971821
8600007235
9818033472
8393086837
9911803799
8130618289
9911541547
9811886511
9457874355
9412345511
9814738553
7290850581
9990164839
8860991222
8860991222
9717395332
9457874355
9412345511
9814738553
7814482835
9939379352
9899624609
7417401671
9810108111
9560957093
9958211866
7838243610
9811666534
9971603978
9729514446
9955061987
9255463511
7836040061
9811586511
7838932911
9205026537
991064610
7737505941
8527295536
7351885602
8477092842
8860925295
7042106238
